date_id;lats;longs;depths;Mw;Mw_error;ML;ML_error;Mo;Mo_std;radius;radius_std; Er;Er_std;bsd;bsd_std;fc;fc_std;t_star;t_star_std;Qo;Qo_std
02/02/2022, 22:09:45.962409;42.514622;1.436672;5.039062;1.91;0.0;0.52;0.0;9.22e+11;NaN;3058.901;NaN;100.8;NaN;1.409e-05;NaN;0.426;NaN;0.0;0.0;nan;NaN
02/01/2022, 16:38:00.555645;42.521282;1.439591;3.507812;1.9;0.0;1.09;0.0;8.90e+11;NaN;2294.959;NaN;229.0;NaN;3.221e-05;NaN;0.568;NaN;0.0;0.0;nan;NaN
02/02/2022, 11:33:35.605620;42.545705;1.348944;12.695312;0.84;0.0;0.86;0.0;2.26e+10;NaN;145.715;NaN;2226.0;NaN;0.003194;NaN;8.945;NaN;0.0;0.0;nan;NaN
02/01/2022, 02:23:34.686422;42.523503;1.431175;0.0;0.91;0.0;1.09;0.0;2.96e+10;NaN;142.953;NaN;3359.0;NaN;0.004433;NaN;9.118;NaN;0.0;0.0;nan;NaN
02/01/2022, 03:01:18.478172;42.529053;1.438604;3.507812;1.21;0.27;1.22;0.47;8.13e+10;77430000000.0;3194.423;2100.0950000000003;2194.0;NaN;0.0002746;0.0002367;1.306;2.651;0.034;0.047;204.7;0.0
02/01/2022, 02:30:30.935363;42.520172;1.437172;2.742188;1.49;0.18;0.98;0.24;2.14e+11;86660000000.0;247.505;103.506;28700.0;1215950.0;0.004044;0.026811;8.508;6.422;0.027;0.013;760.3;676.3
02/01/2022, 02:10:09.679130;42.532383;1.442248;5.804688;2.01;0.12;1.53;0.37;1.29e+12;227800000000.0;88.904;15.752000000000002;11450000.0;6247000.0;0.9333;0.8627;16.935;3.556000000000001;0.042;0.019;266.0;71.1
02/01/2022, 17:45:25.145102;42.525723;1.433002;0.0;0.75;0.0;1.07;0.0;1.67e+10;NaN;122.708;NaN;2954.0;NaN;0.003962;NaN;10.622;NaN;0.0;0.0;nan;NaN
02/01/2022, 06:44:05.154648;42.516842;1.434583;0.0;1.45;0.0;1.93;0.0;1.86e+11;NaN;118.6;NaN;nan;NaN;0.04874;NaN;10.99;NaN;0.091;0.0;228.2;0.0
02/01/2022, 02:02:59.997001;42.526833;1.441748;5.804688;3.58;0.12;3.38;0.13;2.91e+14;53800000000000.0;564.963;-41.599000000000004;1341000000.0;408700000.0;0.7246;0.23730000000000007;2.046;0.34499999999999986;0.006;0.009;270.5;161.6
02/02/2022, 14:37:17.567935;42.529053;1.431524;0.445312;1.85;0.0;0.66;0.0;7.56e+11;NaN;1265.753;NaN;1377.0;NaN;0.0001631;NaN;1.03;NaN;0.0;0.0;nan;NaN
02/02/2022, 20:29:26.207265;42.530163;1.436956;3.507812;1.19;0.2;0.94;0.12;7.78e+10;36850000000.0;242.185;71.23400000000001;2109.0;322.1;0.001903;0.0006917000000000001;7.062;2.21;0.0;0.0;nan;NaN
02/01/2022, 17:57:06.910406;42.602875;1.472345;0.0;1.25;0.0;0.86;0.0;9.57e+10;NaN;32.521;NaN;1330000.0;NaN;1.217;NaN;40.079;NaN;0.032;0.0;98.9;0.0
02/01/2022, 03:15:19.974587;42.520727;1.44177;3.890625;1.39;0.0;1.06;0.0;1.51e+11;NaN;99.972;NaN;74470.0;NaN;0.06625;NaN;13.038;NaN;0.043;0.0;120.9;0.0
02/01/2022, 02:45:13.148134;42.525723;1.438424;3.507812;2.38;0.0;1.74;0.0;4.75e+12;NaN;2175.449;NaN;3201.0;NaN;0.0002018;-2.710000000000001e-20;0.599;NaN;0.0;0.0;nan;NaN
02/02/2022, 12:05:06.636282;42.582893;1.515885;22.265625;1.84;0.0;1.14;0.0;7.32e+11;NaN;815.4;NaN;4911.0;NaN;0.0005911;NaN;1.598;NaN;0.0;0.0;nan;NaN
02/02/2022, 23:35:30.881639;42.527943;1.438895;4.273438;1.46;0.17;0.8;0.22;1.95e+11;67460000000.0;108.391;15.880000000000003;8903.0;64482.0;0.002149;0.002116;7.055;1.267;0.016;0.019;117.9;19.5
02/01/2022, 20:40:04.522723;42.524058;1.436527;4.65625;1.85;0.0;0.83;0.0;7.48e+11;NaN;2102.741;NaN;213.3;NaN;3.519e-05;NaN;0.62;NaN;0.0;0.0;nan;NaN
02/01/2022, 02:15:47.457417;42.582893;1.675095;2.359375;1.09;0.63;1.37;0.21;5.37e+10;366480000000.0;1311.52;1000.139;nan;NaN;0.0001589;0.00041749999999999996;4.89;18.499;0.0;0.002;742.7;0.0
